start=671.366667
speed=2.500000
pause=yes
