start=103.600000
speed=2.000000
pause=yes
