start=374.233333
speed=2.500000
pause=yes
volume=135.000000
