start=1.233000
speed=2.500000
pause=yes
