start=60.266667
speed=2.500000
pause=yes
