start=39.800000
speed=2.500000
pause=yes
