start=7.467000
speed=2.000000
