start=51.933333
speed=2.000000
pause=yes
