start=246.733000
speed=2.500000
volume=140.000000
