start=115.467000
speed=2.000000
pause=yes
